ts_code,trade_date,open,high,low,close,pre_close,change,pct_chg,vol,amount
300743.SZ,2021/09/01,12.66,12.94,12.2,12.43,12.77,-0.34,-2.6625,20885.17,26028.391
300743.SZ,2021/09/02,12.43,12.53,12.07,12.27,12.43,-0.16,-1.2872,14922.44,18266.59
300743.SZ,2021/09/03,12.27,12.89,12.25,12.5,12.27,0.23,1.8745,18664.18,23478.818
300743.SZ,2021/09/06,12.49,12.53,12.13,12.37,12.5,-0.13,-1.04,16516.67,20347.633
300743.SZ,2021/09/07,12.37,12.5,12.18,12.26,12.37,-0.11,-0.8892,17980.32,22104.422
300743.SZ,2021/09/08,12.25,12.48,12.25,12.47,12.26,0.21,1.7129,13562.86,16750.618
300743.SZ,2021/09/09,12.36,12.44,11.9,12.01,12.47,-0.46,-3.6889,27408.95,33132.838
300743.SZ,2021/09/10,12.05,12.08,11.71,11.79,12.01,-0.22,-1.8318,17997.61,21334.487
300743.SZ,2021/09/13,11.88,11.95,11.66,11.76,11.79,-0.03,-0.2545,13646.9,16020.082
300743.SZ,2021/09/14,11.79,11.92,11.42,11.49,11.76,-0.27,-2.2959,21106.24,24561.44
300743.SZ,2021/09/15,11.44,11.74,11.07,11.7,11.49,0.21,1.8277,22287.12,25772.323
300743.SZ,2021/09/16,11.66,12.26,11.66,11.71,11.7,0.01,0.0855,34887.39,41758.819
300743.SZ,2021/09/17,11.68,12.11,11.42,11.79,11.71,0.08,0.6832,25722.49,30217.834
300743.SZ,2021/09/22,11.55,11.77,11.52,11.53,11.79,-0.26,-2.2053,13065.78,15152.547
300743.SZ,2021/09/23,11.66,11.76,11.49,11.59,11.53,0.06,0.5204,14594.07,16927.675
300743.SZ,2021/09/24,11.54,11.58,11.15,11.2,11.59,-0.39,-3.365,18613.79,21109.467
300743.SZ,2021/09/27,11.28,11.28,10.66,10.84,11.2,-0.36,-3.2143,16338.36,17845.343
300743.SZ,2021/09/28,10.79,11.05,10.59,10.9,10.84,0.06,0.5535,14909.21,16121.589
300743.SZ,2021/09/29,10.89,11.05,10.49,10.5,10.9,-0.4,-3.6697,13461.15,14501.436
300743.SZ,2021/09/30,10.53,10.95,10.53,10.92,10.5,0.42,4.0,12634.84,13572.702
300743.SZ,2021/10/08,11.0,11.4,10.92,11.32,10.92,0.4,3.663,15782.61,17754.29
300743.SZ,2021/10/11,11.32,11.49,11.0,11.05,11.32,-0.27,-2.3852,9859.74,10949.916
300743.SZ,2021/10/12,11.0,11.08,10.63,10.74,11.05,-0.31,-2.8054,11040.54,11912.858
300743.SZ,2021/10/13,10.7,10.83,10.58,10.79,10.74,0.05,0.4655,7366.1,7887.366
300743.SZ,2021/10/14,10.79,10.93,10.61,10.81,10.79,0.02,0.1854,8398.8,9052.152
300743.SZ,2021/10/15,10.85,10.85,10.55,10.57,10.81,-0.24,-2.2202,11243.03,12001.273
300743.SZ,2021/10/18,10.59,10.76,10.59,10.71,10.57,0.14,1.3245,8652.53,9235.588
300743.SZ,2021/10/19,10.78,10.78,10.6,10.62,10.71,-0.09,-0.8403,9053.66,9669.137
300743.SZ,2021/10/20,10.66,10.67,10.36,10.38,10.62,-0.24,-2.2599,14880.54,15522.256
300743.SZ,2021/10/21,10.37,10.4,10.08,10.16,10.38,-0.22,-2.1195,12564.66,12825.743
300743.SZ,2021/10/22,10.16,10.23,10.09,10.09,10.16,-0.07,-0.689,7475.58,7596.504
300743.SZ,2021/10/25,10.09,10.15,9.98,10.15,10.09,0.06,0.5946,8078.06,8120.682
300743.SZ,2021/10/26,10.15,10.24,10.01,10.05,10.15,-0.1,-0.9852,7684.37,7787.28
300743.SZ,2021/10/27,10.0,10.0,9.56,9.69,10.05,-0.36,-3.5821,14932.36,14494.266
300743.SZ,2021/10/28,9.7,9.73,9.38,9.38,9.69,-0.31,-3.1992,8978.12,8512.274
300743.SZ,2021/10/29,9.43,9.95,9.43,9.91,9.38,0.53,5.6503,17351.03,16911.551
300743.SZ,2021/11/01,10.0,10.13,9.8,10.12,9.91,0.21,2.1191,12351.96,12343.512
300743.SZ,2021/11/02,10.12,10.24,9.68,9.82,10.12,-0.3,-2.9644,15206.68,15075.028
300743.SZ,2021/11/03,9.82,10.05,9.72,9.98,9.82,0.16,1.6293,9517.28,9438.205
300743.SZ,2021/11/04,9.99,10.08,9.95,10.06,9.98,0.08,0.8016,8529.93,8549.682
300743.SZ,2021/11/05,10.04,10.17,9.91,10.03,10.06,-0.03,-0.2982,11519.65,11620.253
300743.SZ,2021/11/08,10.07,10.43,10.07,10.37,10.03,0.34,3.3898,22420.93,23107.759
300743.SZ,2021/11/09,10.59,10.65,10.25,10.39,10.37,0.02,0.1929,16467.37,17058.652
300743.SZ,2021/11/10,10.39,10.51,10.24,10.48,10.39,0.09,0.8662,14166.88,14704.663
300743.SZ,2021/11/11,10.47,10.7,10.41,10.55,10.48,0.07,0.6679,12536.92,13255.939
300743.SZ,2021/11/12,10.56,10.77,10.5,10.71,10.55,0.16,1.5166,16773.36,17835.916
300743.SZ,2021/11/15,10.8,11.04,10.71,11.01,10.71,0.3,2.8011,20747.27,22612.483
300743.SZ,2021/11/16,11.01,11.1,10.78,10.8,11.01,-0.21,-1.9074,18556.96,20214.814
300743.SZ,2021/11/17,10.91,11.18,10.83,11.07,10.8,0.27,2.5,18991.82,20983.399
300743.SZ,2021/11/18,11.06,11.19,10.88,10.89,11.07,-0.18,-1.626,13039.23,14329.401
300743.SZ,2021/11/19,10.87,11.11,10.8,11.03,10.89,0.14,1.2856,14711.94,16179.564
300743.SZ,2021/11/22,11.03,11.15,10.91,11.12,11.03,0.09,0.816,9553.13,10567.488
300743.SZ,2021/11/23,11.24,11.24,11.01,11.13,11.12,0.01,0.0899,9752.72,10808.836
300743.SZ,2021/11/24,11.12,11.21,10.98,11.13,11.13,0.0,0.0,11774.54,13086.472
300743.SZ,2021/11/25,11.22,11.37,11.07,11.21,11.13,0.08,0.7188,11635.9,13062.543
300743.SZ,2021/11/26,11.21,11.22,10.96,11.06,11.21,-0.15,-1.3381,11395.34,12611.448
300743.SZ,2021/11/29,10.99,11.12,10.84,10.95,11.06,-0.11,-0.9946,13354.52,14655.533
300743.SZ,2021/11/30,11.1,11.37,10.92,11.26,10.95,0.31,2.8311,19048.0,21448.587
300743.SZ,2021/12/01,11.28,11.74,11.2,11.64,11.26,0.38,3.3748,26361.0,30514.007
300743.SZ,2021/12/02,11.61,11.72,11.44,11.51,11.64,-0.13,-1.1168,18989.08,21921.662
300743.SZ,2021/12/03,11.51,11.7,11.33,11.36,11.51,-0.15,-1.3032,13034.69,14917.194
300743.SZ,2021/12/06,11.36,11.36,10.91,10.97,11.36,-0.39,-3.4331,18083.78,19957.385
300743.SZ,2021/12/07,11.08,11.11,10.76,10.86,10.97,-0.11,-1.0027,12118.83,13199.495
300743.SZ,2021/12/08,10.99,11.1,10.89,11.01,10.86,0.15,1.3812,7991.76,8794.454
300743.SZ,2021/12/09,10.96,11.08,10.9,11.0,11.01,-0.01,-0.0908,10016.51,11032.337
300743.SZ,2021/12/10,10.97,11.35,10.97,11.33,11.0,0.33,3.0,17771.6,19934.719
300743.SZ,2021/12/13,11.34,11.42,11.1,11.17,11.33,-0.16,-1.4122,14710.79,16421.344
300743.SZ,2021/12/14,11.09,11.41,11.08,11.32,11.17,0.15,1.3429,13527.11,15252.013
300743.SZ,2021/12/15,11.32,11.39,11.19,11.25,11.32,-0.07,-0.6184,12037.59,13591.119
300743.SZ,2021/12/16,11.22,11.59,11.22,11.49,11.25,0.24,2.1333,19738.69,22566.674
300743.SZ,2021/12/17,11.49,11.56,11.27,11.44,11.49,-0.05,-0.4352,17404.32,19878.258
300743.SZ,2021/12/20,11.44,11.55,11.2,11.29,11.44,-0.15,-1.3112,13339.75,15137.743
300743.SZ,2021/12/21,11.39,11.64,11.35,11.55,11.29,0.26,2.3029,15280.03,17586.472
300743.SZ,2021/12/22,11.5,11.72,11.46,11.54,11.55,-0.01,-0.0866,13513.51,15660.601
300743.SZ,2021/12/23,11.55,11.55,11.21,11.24,11.54,-0.3,-2.5997,22039.22,24940.728
300743.SZ,2021/12/24,11.29,11.3,10.8,10.8,11.24,-0.44,-3.9146,33296.78,36592.493
300743.SZ,2021/12/27,10.8,11.11,10.7,11.06,10.8,0.26,2.4074,17315.7,18975.634
300743.SZ,2021/12/28,11.07,11.28,11.02,11.18,11.06,0.12,1.085,19002.97,21244.959
300743.SZ,2021/12/29,11.12,11.35,11.02,11.23,11.18,0.05,0.4472,17378.59,19465.583
300743.SZ,2021/12/30,11.33,11.38,11.21,11.24,11.23,0.01,0.089,13764.08,15537.148
300743.SZ,2021/12/31,11.26,11.37,11.12,11.25,11.24,0.01,0.089,14091.47,15880.168
300743.SZ,2022/01/04,11.36,11.98,11.36,11.93,11.25,0.68,6.0444,40725.88,47845.242
300743.SZ,2022/01/05,11.86,12.18,11.66,11.9,11.93,-0.03,-0.2515,30720.43,36667.637
300743.SZ,2022/01/06,11.85,12.02,11.82,11.88,11.9,-0.02,-0.1681,19377.51,23090.574
300743.SZ,2022/01/07,11.88,12.08,11.49,11.59,11.88,-0.29,-2.4411,18677.95,21957.262
300743.SZ,2022/01/10,11.53,11.87,11.53,11.83,11.59,0.24,2.0708,11940.0,14053.843
300743.SZ,2022/01/11,11.78,12.05,11.73,11.82,11.83,-0.01,-0.0845,15794.7,18775.395
300743.SZ,2022/01/12,11.84,12.23,11.71,12.16,11.82,0.34,2.8765,22537.69,27233.124
300743.SZ,2022/01/13,12.16,12.29,12.06,12.15,12.16,-0.01,-0.0822,17058.96,20745.781
300743.SZ,2022/01/14,12.05,12.25,11.86,11.88,12.15,-0.27,-2.2222,16337.03,19639.097
300743.SZ,2022/01/17,11.88,12.34,11.88,12.28,11.88,0.4,3.367,19655.05,23977.678
300743.SZ,2022/01/18,12.3,12.37,11.81,11.85,12.28,-0.43,-3.5016,23908.47,28692.354
300743.SZ,2022/01/19,11.86,12.27,11.85,12.14,11.85,0.29,2.4473,20485.43,24728.287
300743.SZ,2022/01/20,12.14,12.14,11.43,11.49,12.14,-0.65,-5.3542,32345.56,37611.187
300743.SZ,2022/01/21,11.5,11.92,11.48,11.64,11.49,0.15,1.3055,22740.76,26576.379
300743.SZ,2022/01/24,11.6,11.79,11.39,11.51,11.64,-0.13,-1.1168,13983.65,16224.785
300743.SZ,2022/01/25,11.5,11.87,11.12,11.29,11.51,-0.22,-1.9114,25534.6,29055.059
300743.SZ,2022/01/26,11.22,11.44,11.06,11.28,11.29,-0.01,-0.0886,14032.75,15758.876
300743.SZ,2022/01/27,11.36,11.39,10.6,10.68,11.28,-0.6,-5.3191,22246.56,24085.646
300743.SZ,2022/01/28,10.85,11.4,10.64,11.27,10.68,0.59,5.5243,26344.07,29423.36
300743.SZ,2022/02/07,11.36,11.67,11.13,11.44,11.27,0.17,1.5084,20078.21,22967.376
300743.SZ,2022/02/08,11.54,11.65,11.27,11.65,11.44,0.21,1.8357,19279.67,22234.419
300743.SZ,2022/02/09,11.67,11.93,11.58,11.93,11.65,0.28,2.4034,17571.28,20786.128
300743.SZ,2022/02/10,11.9,12.07,11.68,12.04,11.93,0.11,0.922,23702.98,28201.213
300743.SZ,2022/02/11,11.98,11.98,11.63,11.85,12.04,-0.19,-1.5781,19120.18,22483.407
300743.SZ,2022/02/14,11.8,12.04,11.66,11.92,11.85,0.07,0.5907,15172.98,18068.199
300743.SZ,2022/02/15,11.97,11.97,11.61,11.75,11.92,-0.17,-1.4262,13852.81,16270.761
300743.SZ,2022/02/16,11.76,12.26,11.76,12.2,11.75,0.45,3.8298,31581.14,38287.695
300743.SZ,2022/02/17,12.13,12.42,11.95,12.33,12.2,0.13,1.0656,36207.78,44357.233
300743.SZ,2022/02/18,12.25,13.0,12.23,12.71,12.33,0.38,3.0819,53846.93,68283.285
300743.SZ,2022/02/21,12.61,13.03,12.51,12.95,12.71,0.24,1.8883,48548.6,62263.423
300743.SZ,2022/02/22,12.77,12.94,12.69,12.82,12.95,-0.13,-1.0039,31451.77,40234.693
300743.SZ,2022/02/23,12.73,12.89,12.6,12.68,12.82,-0.14,-1.092,22659.68,28742.907
300743.SZ,2022/02/24,12.68,12.75,12.17,12.39,12.68,-0.29,-2.2871,34193.38,42591.576
300743.SZ,2022/02/25,12.49,13.04,12.38,13.01,12.39,0.62,5.004,44079.46,56676.326
300743.SZ,2022/02/28,13.15,13.34,12.47,12.63,13.01,-0.38,-2.9208,43172.11,54777.725
300743.SZ,2022/03/01,12.64,12.99,12.56,12.96,12.63,0.33,2.6128,26058.99,33412.596
300743.SZ,2022/03/02,12.92,12.96,12.7,12.84,12.96,-0.12,-0.9259,16541.91,21174.345
300743.SZ,2022/03/03,12.86,12.93,12.53,12.58,12.84,-0.26,-2.0249,15872.48,20031.72
300743.SZ,2022/03/04,12.49,12.57,12.25,12.35,12.58,-0.23,-1.8283,17311.78,21472.902
300743.SZ,2022/03/07,12.35,12.49,12.12,12.38,12.35,0.03,0.2429,16184.22,19939.113
300743.SZ,2022/03/08,12.35,12.43,11.89,11.9,12.38,-0.48,-3.8772,17948.53,21721.65
300743.SZ,2022/03/09,11.94,12.1,11.25,11.75,11.9,-0.15,-1.2605,22031.84,25783.05
300743.SZ,2022/03/10,12.29,12.81,12.13,12.7,11.75,0.95,8.0851,47995.31,60321.893
300743.SZ,2022/03/11,12.8,12.86,12.41,12.83,12.7,0.13,1.0236,49264.53,62437.569
300743.SZ,2022/03/14,12.59,12.59,11.8,11.81,12.83,-1.02,-7.9501,39339.63,47357.211
300743.SZ,2022/03/15,11.72,12.04,11.3,11.46,11.81,-0.35,-2.9636,27118.79,31901.454
300743.SZ,2022/03/16,11.65,13.75,11.59,13.75,11.46,2.29,19.9825,158565.14,209537.709
300743.SZ,2022/03/17,15.0,16.5,14.81,15.4,13.75,1.65,12.0,328033.18,513681.563
300743.SZ,2022/03/18,14.61,14.87,13.82,13.86,15.4,-1.54,-10.0,227457.64,323138.465
300743.SZ,2022/03/21,14.0,14.37,13.72,14.18,13.86,0.32,2.3088,170843.86,241093.581
300743.SZ,2022/03/22,14.03,14.23,13.71,13.75,14.18,-0.43,-3.0324,109764.81,152420.735
300743.SZ,2022/03/23,13.77,13.91,13.36,13.44,13.75,-0.31,-2.2545,80491.69,109595.391
300743.SZ,2022/03/24,13.34,13.49,13.04,13.2,13.44,-0.24,-1.7857,65164.97,86030.325
300743.SZ,2022/03/25,13.25,13.94,13.04,13.72,13.2,0.52,3.9394,114781.46,155456.703
300743.SZ,2022/03/28,13.44,13.71,12.55,12.87,13.72,-0.85,-6.1953,91098.38,117565.749
300743.SZ,2022/03/29,12.78,12.92,12.5,12.89,12.87,0.02,0.1554,53328.7,67747.296
300743.SZ,2022/03/30,12.95,13.58,12.65,13.22,12.89,0.33,2.5601,72760.87,95082.672
300743.SZ,2022/03/31,13.1,13.49,13.0,13.28,13.22,0.06,0.4539,70195.15,92974.179
300743.SZ,2022/04/01,13.14,13.18,12.46,12.46,13.28,-0.82,-6.1747,61267.32,78383.239
300743.SZ,2022/04/06,12.46,12.76,12.42,12.57,12.46,0.11,0.8828,40499.95,50956.152
300743.SZ,2022/04/07,12.65,14.4,12.39,13.8,12.57,1.23,9.7852,158908.86,215816.352
300743.SZ,2022/04/08,13.86,13.88,13.22,13.68,13.8,-0.12,-0.8696,103670.07,139877.398
300743.SZ,2022/04/11,13.65,13.65,12.0,12.5,13.68,-1.18,-8.6257,94074.29,119308.152
300743.SZ,2022/04/12,12.42,12.52,11.7,12.26,12.5,-0.24,-1.92,67275.73,80922.059
300743.SZ,2022/04/13,12.2,12.2,11.72,11.87,12.26,-0.39,-3.1811,49942.46,59521.835
300743.SZ,2022/04/14,12.05,12.09,11.5,11.56,11.87,-0.31,-2.6116,49403.78,58025.03
300743.SZ,2022/04/15,11.37,11.47,10.71,10.71,11.56,-0.85,-7.3529,62844.79,68912.865
300743.SZ,2022/04/18,10.71,11.14,10.37,11.13,10.71,0.42,3.9216,44395.48,48045.864
300743.SZ,2022/04/19,11.09,11.78,10.93,11.39,11.13,0.26,2.336,61850.24,70985.991
300743.SZ,2022/04/20,11.39,11.53,10.9,11.06,11.39,-0.33,-2.8973,49492.57,55564.612
300743.SZ,2022/04/21,11.08,11.17,10.56,10.58,11.06,-0.48,-4.34,35042.38,37713.06
300743.SZ,2022/04/22,10.71,10.9,10.36,10.36,10.58,-0.22,-2.0794,38814.72,41315.748
300743.SZ,2022/04/25,10.42,10.42,9.57,9.62,10.36,-0.74,-7.1429,44152.57,43682.571
300743.SZ,2022/04/26,9.89,10.02,9.38,9.76,9.62,0.14,1.4553,47740.45,46519.768
300743.SZ,2022/04/27,9.64,10.02,9.44,10.0,9.76,0.24,2.459,44132.04,42908.006
300743.SZ,2022/04/28,10.0,10.34,9.38,9.55,10.0,-0.45,-4.5,52148.47,51320.944
300743.SZ,2022/04/29,9.69,10.04,9.62,9.99,9.55,0.44,4.6073,40973.82,40302.409
300743.SZ,2022/05/05,10.03,10.24,9.83,10.09,9.99,0.1,1.001,32384.91,32645.2
300743.SZ,2022/05/06,9.86,10.16,9.7,10.0,10.09,-0.09,-0.892,29528.21,29364.566
300743.SZ,2022/05/09,10.23,10.44,10.09,10.44,10.0,0.44,4.4,30790.01,31625.366
300743.SZ,2022/05/10,10.38,10.65,10.2,10.6,10.44,0.16,1.5326,35546.37,37223.761
300743.SZ,2022/05/11,10.67,10.77,10.44,10.44,10.6,-0.16,-1.5094,40466.8,42979.05
300743.SZ,2022/05/12,10.49,10.65,10.36,10.57,10.44,0.13,1.2452,25266.28,26611.403
300743.SZ,2022/05/13,10.7,10.72,10.47,10.62,10.57,0.05,0.473,17921.44,19000.821
300743.SZ,2022/05/16,10.67,11.03,10.67,10.84,10.62,0.22,2.0716,36038.77,39206.067
300743.SZ,2022/05/17,10.9,10.93,10.61,10.67,10.84,-0.17,-1.5683,23658.31,25358.439
300743.SZ,2022/05/18,10.65,10.85,10.65,10.7,10.67,0.03,0.2812,21491.94,23105.446
300743.SZ,2022/05/19,10.51,10.79,10.34,10.73,10.7,0.03,0.2804,19578.14,20916.575
300743.SZ,2022/05/20,10.73,10.9,10.66,10.77,10.73,0.04,0.3728,19661.18,21130.453
300743.SZ,2022/05/23,10.89,10.98,10.76,10.93,10.77,0.16,1.4856,20067.3,21809.45
300743.SZ,2022/05/24,10.88,10.96,10.31,10.31,10.93,-0.62,-5.6725,27491.5,29207.05
300743.SZ,2022/05/25,10.28,10.62,10.28,10.57,10.31,0.26,2.5218,18781.9,19786.034
300743.SZ,2022/05/26,10.67,10.79,10.36,10.66,10.57,0.09,0.8515,19471.73,20602.595
300743.SZ,2022/05/27,10.62,10.78,10.6,10.74,10.66,0.08,0.7505,22543.42,24081.541
300743.SZ,2022/05/30,10.87,10.87,10.57,10.69,10.74,-0.05,-0.4655,16912.24,18072.288
300743.SZ,2022/05/31,10.72,10.77,10.42,10.76,10.69,0.07,0.6548,19794.18,21068.793
300743.SZ,2022/06/01,10.76,10.93,10.71,10.88,10.76,0.12,1.1152,20200.92,21908.982
300743.SZ,2022/06/02,11.0,11.09,10.83,11.02,10.88,0.14,1.2868,27607.0,30313.48
300743.SZ,2022/06/06,11.04,11.3,11.0,11.21,11.02,0.19,1.7241,27595.08,30837.269
300743.SZ,2022/06/07,11.36,11.36,11.0,11.1,11.21,-0.11,-0.9813,25022.73,27818.924
300743.SZ,2022/06/08,11.11,11.19,10.76,11.18,11.1,0.08,0.7207,29374.24,32386.318
300743.SZ,2022/06/09,11.15,11.17,10.81,11.09,11.18,-0.09,-0.805,31108.2,34147.03
300743.SZ,2022/06/10,11.09,11.32,10.93,11.25,11.09,0.16,1.4427,27552.71,30852.808
300743.SZ,2022/06/13,11.11,11.42,11.03,11.32,11.25,0.07,0.6222,28518.49,32122.224
300743.SZ,2022/06/14,11.2,11.29,10.86,11.22,11.32,-0.1,-0.8834,24187.2,26766.792
300743.SZ,2022/06/15,11.2,11.32,11.08,11.1,11.22,-0.12,-1.0695,24295.52,27142.29
300743.SZ,2022/06/16,11.1,11.3,11.05,11.26,11.1,0.16,1.4414,21897.79,24587.48
300743.SZ,2022/06/17,11.25,11.44,11.08,11.43,11.26,0.17,1.5098,27183.31,30740.477
300743.SZ,2022/06/20,11.47,11.69,11.2,11.2,11.43,-0.23,-2.0122,21494.99,24511.723
300743.SZ,2022/06/21,11.38,11.83,11.28,11.46,11.2,0.26,2.3214,43757.76,50540.229
300743.SZ,2022/06/22,11.47,11.54,11.16,11.2,11.46,-0.26,-2.2688,24735.39,27899.999
300743.SZ,2022/06/23,11.32,11.38,11.08,11.37,11.2,0.17,1.5179,20599.88,23254.976
300743.SZ,2022/06/24,11.48,11.61,11.4,11.46,11.37,0.09,0.7916,21839.79,25025.706
300743.SZ,2022/06/27,11.41,11.6,11.41,11.54,11.46,0.08,0.6981,20229.4,23283.749
300743.SZ,2022/06/28,11.43,11.94,11.37,11.8,11.54,0.26,2.253,35846.18,42099.281
300743.SZ,2022/06/29,12.0,12.0,11.62,11.62,11.8,-0.18,-1.5254,27993.51,32954.443
300743.SZ,2022/06/30,11.47,11.66,11.46,11.55,11.47,0.08,0.6975,18835.2,21785.94
300743.SZ,2022/07/01,11.5,11.76,11.43,11.67,11.55,0.12,1.039,21994.81,25573.005
300743.SZ,2022/07/04,11.57,11.75,11.5,11.59,11.67,-0.08,-0.6855,22578.33,26121.882
300743.SZ,2022/07/05,11.59,11.66,11.27,11.42,11.59,-0.17,-1.4668,22276.54,25429.206
300743.SZ,2022/07/06,11.4,11.46,11.16,11.28,11.42,-0.14,-1.2259,17396.12,19618.223
300743.SZ,2022/07/07,11.28,11.44,11.16,11.25,11.28,-0.03,-0.266,15572.74,17614.72
300743.SZ,2022/07/08,11.35,11.7,11.25,11.63,11.25,0.38,3.3778,32464.33,37514.163
300743.SZ,2022/07/11,11.52,11.76,11.49,11.64,11.63,0.01,0.086,24395.86,28296.539
300743.SZ,2022/07/12,11.64,11.8,11.48,11.54,11.64,-0.1,-0.8591,31859.8,37124.189
300743.SZ,2022/07/13,11.42,11.78,11.2,11.72,11.54,0.18,1.5598,24760.8,28876.875
300743.SZ,2022/07/14,11.76,12.09,11.72,12.07,11.72,0.35,2.9863,38573.54,46075.114
300743.SZ,2022/07/15,12.0,12.0,11.58,11.59,12.07,-0.48,-3.9768,37794.97,44474.733
300743.SZ,2022/07/18,11.59,12.03,11.59,11.87,11.59,0.28,2.4159,33144.98,39491.105
300743.SZ,2022/07/19,11.99,12.29,11.88,12.19,11.87,0.32,2.6959,32084.96,38795.003
300743.SZ,2022/07/20,12.28,12.29,12.07,12.14,12.19,-0.05,-0.4102,26657.9,32390.668
300743.SZ,2022/07/21,12.14,12.24,11.98,12.06,12.14,-0.08,-0.659,19731.94,23850.046
300743.SZ,2022/07/22,12.12,12.35,12.06,12.17,12.06,0.11,0.9121,22070.68,26826.691
300743.SZ,2022/07/25,12.22,12.26,11.95,12.02,12.17,-0.15,-1.2325,17063.0,20579.376
300743.SZ,2022/07/26,12.11,12.16,11.77,12.12,12.02,0.1,0.8319,24982.23,29903.704
300743.SZ,2022/07/27,12.0,12.32,11.98,12.28,12.12,0.16,1.3201,31453.5,38384.858
300743.SZ,2022/07/28,13.02,13.83,12.4,12.68,12.28,0.4,3.2573,119471.78,153256.971
300743.SZ,2022/07/29,13.0,13.08,12.26,12.38,12.68,-0.3,-2.3659,75608.26,94584.157
300743.SZ,2022/08/01,12.26,12.37,12.0,12.28,12.38,-0.1,-0.8078,44339.17,54059.467
300743.SZ,2022/08/02,12.17,12.17,11.31,11.43,12.28,-0.85,-6.9218,53783.53,62249.478
300743.SZ,2022/08/03,11.43,11.89,11.39,11.48,11.43,0.05,0.4374,45728.83,53520.636
300743.SZ,2022/08/04,11.47,11.82,11.47,11.77,11.48,0.29,2.5261,33777.69,39539.898
300743.SZ,2022/08/05,11.84,11.86,11.57,11.79,11.77,0.02,0.1699,31481.85,36809.602
300743.SZ,2022/08/08,11.68,12.03,11.63,12.02,11.79,0.23,1.9508,22117.4,26293.144
300743.SZ,2022/08/09,11.93,12.56,11.91,12.35,12.02,0.33,2.7454,44647.5,55068.997
300743.SZ,2022/08/10,12.39,12.55,12.2,12.49,12.35,0.14,1.1336,33469.14,41562.337
300743.SZ,2022/08/11,12.58,12.58,12.44,12.45,12.49,-0.04,-0.3203,22443.08,28032.512
300743.SZ,2022/08/12,12.57,12.57,12.35,12.38,12.45,-0.07,-0.5622,21777.79,27064.952
300743.SZ,2022/08/15,12.4,12.45,12.25,12.37,12.38,-0.01,-0.0808,17421.79,21479.176
300743.SZ,2022/08/16,12.38,12.59,12.28,12.5,12.37,0.13,1.0509,23208.11,28839.564
300743.SZ,2022/08/17,12.9,13.1,12.27,12.36,12.5,-0.14,-1.12,47666.08,59340.103
300743.SZ,2022/08/18,12.28,12.71,12.28,12.56,12.36,0.2,1.6181,36528.93,45599.054
300743.SZ,2022/08/19,12.56,12.8,12.34,12.34,12.56,-0.22,-1.7516,29993.76,37726.353
300743.SZ,2022/08/22,12.34,12.69,12.19,12.67,12.34,0.33,2.6742,36366.08,45746.736
300743.SZ,2022/08/23,12.67,12.78,12.6,12.67,12.67,0.0,0.0,21104.98,26757.179
300743.SZ,2022/08/24,12.68,12.76,12.16,12.22,12.67,-0.45,-3.5517,26386.0,32646.91
300743.SZ,2022/08/25,12.26,12.36,11.87,12.05,12.22,-0.17,-1.3912,22355.26,26899.497
300743.SZ,2022/08/26,12.12,12.2,11.84,11.87,12.05,-0.18,-1.4938,15021.27,18003.022
300743.SZ,2022/08/29,11.75,11.99,11.61,11.99,11.87,0.12,1.011,13515.26,16057.519
300743.SZ,2022/08/30,12.3,12.64,12.05,12.47,11.99,0.48,4.0033,42437.44,52563.153
300743.SZ,2022/08/31,12.39,12.59,12.0,12.04,12.47,-0.43,-3.4483,35812.59,44026.597
300743.SZ,2022/09/01,12.05,12.46,12.05,12.17,12.04,0.13,1.0797,23634.69,29028.807
300743.SZ,2022/09/02,12.18,13.07,12.18,13.02,12.17,0.85,6.9844,81234.87,104226.235
300743.SZ,2022/09/05,12.78,12.98,12.71,12.85,13.02,-0.17,-1.3057,46323.23,59287.316
300743.SZ,2022/09/06,12.89,12.96,12.71,12.8,12.85,-0.05,-0.3891,29547.88,37861.302
300743.SZ,2022/09/07,12.82,12.92,12.67,12.75,12.8,-0.05,-0.3906,31683.48,40415.599
300743.SZ,2022/09/08,12.83,12.95,12.53,12.83,12.75,0.08,0.6275,44054.98,56349.205
300743.SZ,2022/09/09,12.92,12.94,12.53,12.66,12.83,-0.17,-1.325,30920.49,39124.296
300743.SZ,2022/09/13,12.6,13.2,12.6,13.2,12.66,0.54,4.2654,56393.62,73515.539
300743.SZ,2022/09/14,12.99,12.99,12.46,12.8,13.2,-0.4,-3.0303,56072.0,71233.758
300743.SZ,2022/09/15,12.7,12.8,12.2,12.45,12.8,-0.35,-2.7344,35088.98,43475.753
300743.SZ,2022/09/16,12.37,12.45,11.93,11.95,12.45,-0.5,-4.0161,30630.88,37263.709
300743.SZ,2022/09/19,11.95,12.05,11.28,11.37,11.95,-0.58,-4.8536,32869.52,37988.966
300743.SZ,2022/09/20,11.46,11.63,11.36,11.44,11.37,0.07,0.6157,25058.96,28745.62
300743.SZ,2022/09/21,11.31,11.52,11.01,11.48,11.44,0.04,0.3497,25097.77,28289.895
300743.SZ,2022/09/22,11.38,11.54,11.19,11.23,11.48,-0.25,-2.1777,18376.0,20883.968
300743.SZ,2022/09/23,11.36,11.45,10.75,10.84,11.23,-0.39,-3.4728,22894.58,25186.867
300743.SZ,2022/09/26,10.7,10.82,10.49,10.57,10.84,-0.27,-2.4908,20398.94,21655.817
300743.SZ,2022/09/27,10.61,10.87,10.61,10.87,10.57,0.3,2.8382,15009.13,16128.713
300743.SZ,2022/09/28,10.87,10.93,10.54,10.54,10.87,-0.33,-3.0359,15059.64,16132.026
300743.SZ,2022/09/29,10.74,10.8,10.38,10.48,10.54,-0.06,-0.5693,18779.98,19813.625
300743.SZ,2022/09/30,10.5,10.58,10.33,10.4,10.48,-0.08,-0.7634,13301.82,13895.707
300743.SZ,2022/10/10,10.45,10.51,10.27,10.51,10.4,0.11,1.0577,14632.05,15199.351
300743.SZ,2022/10/11,10.79,11.0,10.25,10.43,10.51,-0.08,-0.7612,34801.08,36474.965
300743.SZ,2022/10/12,10.3,10.66,10.22,10.64,10.43,0.21,2.0134,28591.3,29789.226
300743.SZ,2022/10/13,10.54,10.97,10.5,10.82,10.64,0.18,1.6917,28155.01,30403.74
300743.SZ,2022/10/14,10.92,11.16,10.88,11.13,10.82,0.31,2.8651,24466.23,27014.148
300743.SZ,2022/10/17,11.16,11.44,11.05,11.42,11.13,0.29,2.6056,26639.17,30112.448
300743.SZ,2022/10/18,11.42,11.64,11.33,11.5,11.42,0.08,0.7005,29326.2,33768.054
300743.SZ,2022/10/19,11.59,11.59,11.3,11.44,11.5,-0.06,-0.5217,18132.59,20727.553
300743.SZ,2022/10/20,11.43,11.62,11.27,11.52,11.44,0.08,0.6993,24270.9,27776.076
300743.SZ,2022/10/21,11.8,11.82,11.32,11.36,11.52,-0.16,-1.3889,29012.2,33295.854
300743.SZ,2022/10/24,11.44,11.62,11.23,11.3,11.36,-0.06,-0.5282,27880.12,31942.021
300743.SZ,2022/10/25,11.3,11.39,11.02,11.28,11.3,-0.02,-0.177,20848.03,23293.162
300743.SZ,2022/10/26,11.49,12.11,11.41,11.78,11.28,0.5,4.4326,50546.65,59343.811
300743.SZ,2022/10/27,11.69,12.25,11.6,12.07,11.78,0.29,2.4618,58291.12,70010.085
300743.SZ,2022/10/28,11.99,12.14,11.77,11.81,12.07,-0.26,-2.1541,35029.56,41814.821
300743.SZ,2022/10/31,11.84,12.17,11.83,12.0,11.81,0.19,1.6088,32347.83,38923.033
300743.SZ,2022/11/01,11.89,12.18,11.86,12.06,12.0,0.06,0.5,28955.1,34837.019
300743.SZ,2022/11/02,12.05,12.26,11.95,12.06,12.06,0.0,0.0,23545.7,28358.534
300743.SZ,2022/11/03,12.04,12.04,11.85,11.96,12.06,-0.1,-0.8292,19532.37,23337.191
300743.SZ,2022/11/04,11.96,12.15,11.91,12.12,11.96,0.16,1.3378,24723.29,29818.568
300743.SZ,2022/11/07,12.06,12.24,12.04,12.21,12.12,0.09,0.7426,22151.07,26908.59
300743.SZ,2022/11/08,12.19,12.28,11.96,12.26,12.21,0.05,0.4095,19672.98,23883.822
300743.SZ,2022/11/09,12.26,12.26,12.09,12.09,12.26,-0.17,-1.3866,14561.0,17695.223
300743.SZ,2022/11/10,12.05,12.37,11.98,12.23,12.09,0.14,1.158,25402.99,31067.093
300743.SZ,2022/11/11,12.5,12.53,12.0,12.09,12.23,-0.14,-1.1447,29816.28,36554.309
300743.SZ,2022/11/14,12.08,12.32,11.88,12.16,12.09,0.07,0.579,24673.61,29996.027
300743.SZ,2022/11/15,12.15,12.43,12.15,12.33,12.16,0.17,1.398,21435.29,26422.908
300743.SZ,2022/11/16,12.33,12.65,12.3,12.57,12.33,0.24,1.9465,29270.45,36690.758
300743.SZ,2022/11/17,12.51,12.87,12.45,12.86,12.57,0.29,2.3071,29066.79,36960.32
300743.SZ,2022/11/18,12.97,13.17,12.71,12.75,12.86,-0.11,-0.8554,47513.97,61413.183
300743.SZ,2022/11/21,12.83,13.0,12.58,12.84,12.75,0.09,0.7059,30560.02,39094.255
300743.SZ,2022/11/22,13.03,13.29,12.57,12.59,12.84,-0.25,-1.947,41131.63,52635.47
300743.SZ,2022/11/23,12.6,12.69,12.1,12.27,12.59,-0.32,-2.5417,30663.37,37722.892
300743.SZ,2022/11/24,12.42,12.55,12.28,12.51,12.27,0.24,1.956,19909.52,24742.548
300743.SZ,2022/11/25,12.46,12.52,12.18,12.21,12.51,-0.3,-2.3981,19431.03,23889.341
300743.SZ,2022/11/28,12.11,12.25,12.05,12.2,12.21,-0.01,-0.0819,16019.43,19451.683
300743.SZ,2022/11/29,12.16,12.33,12.15,12.32,12.2,0.12,0.9836,17484.1,21430.216
300743.SZ,2022/11/30,12.29,12.41,12.06,12.08,12.32,-0.24,-1.9481,17110.0,20847.217
300743.SZ,2022/12/01,12.2,12.46,12.13,12.35,12.08,0.27,2.2351,18352.65,22607.603
300743.SZ,2022/12/02,12.3,12.8,12.25,12.63,12.35,0.28,2.2672,27683.59,34919.25
300743.SZ,2022/12/05,12.8,12.82,12.54,12.66,12.63,0.03,0.2375,20122.83,25440.518
300743.SZ,2022/12/06,12.68,12.71,12.47,12.5,12.66,-0.16,-1.2638,18196.95,22902.672
300743.SZ,2022/12/07,12.56,12.69,12.42,12.63,12.5,0.13,1.04,19426.14,24466.626
300743.SZ,2022/12/08,12.56,12.75,12.46,12.73,12.63,0.1,0.7918,20458.66,25860.116
300743.SZ,2022/12/09,12.73,12.73,12.39,12.4,12.73,-0.33,-2.5923,18904.11,23651.789
300743.SZ,2022/12/12,12.46,12.69,12.36,12.56,12.4,0.16,1.2903,21719.58,27286.158
300743.SZ,2022/12/13,12.68,12.68,12.41,12.46,12.56,-0.1,-0.7962,13360.0,16691.799
300743.SZ,2022/12/14,12.42,12.53,12.18,12.22,12.46,-0.24,-1.9262,17908.59,22101.791
300743.SZ,2022/12/15,12.22,12.64,12.22,12.61,12.22,0.39,3.1915,24381.64,30455.1
300743.SZ,2022/12/16,12.55,12.58,12.25,12.39,12.61,-0.22,-1.7446,15491.6,19169.755
300743.SZ,2022/12/19,12.34,12.41,11.85,11.92,12.39,-0.47,-3.7934,20895.4,25030.103
300743.SZ,2022/12/20,11.84,12.03,11.71,11.89,11.92,-0.03,-0.2517,13715.84,16295.246
300743.SZ,2022/12/21,11.96,11.96,11.61,11.74,11.89,-0.15,-1.2616,11146.0,13091.447
300743.SZ,2022/12/22,11.85,11.85,11.47,11.52,11.74,-0.22,-1.8739,11646.0,13563.227
300743.SZ,2022/12/23,11.35,11.74,11.35,11.67,11.52,0.15,1.3021,15921.94,18493.77
300743.SZ,2022/12/26,11.74,11.85,11.65,11.73,11.67,0.06,0.5141,9954.0,11688.111
300743.SZ,2022/12/27,11.88,11.9,11.51,11.63,11.73,-0.1,-0.8525,12667.31,14744.282
300743.SZ,2022/12/28,11.59,11.67,11.25,11.36,11.63,-0.27,-2.3216,13239.68,15115.529
300743.SZ,2022/12/29,11.41,11.56,11.27,11.4,11.36,0.04,0.3521,12517.77,14330.106
300743.SZ,2022/12/30,11.5,11.62,11.32,11.57,11.4,0.17,1.4912,10222.1,11755.64
300743.SZ,2023/01/03,11.59,11.93,11.5,11.89,11.57,0.32,2.7658,17688.16,20826.552
300743.SZ,2023/01/04,11.9,12.11,11.86,12.08,11.89,0.19,1.598,17066.94,20523.291
300743.SZ,2023/01/05,12.07,12.16,12.0,12.16,12.08,0.08,0.6623,12870.12,15575.667
300743.SZ,2023/01/06,12.16,12.2,12.02,12.14,12.16,-0.02,-0.1645,13806.08,16726.96
300743.SZ,2023/01/09,12.18,12.33,12.06,12.28,12.14,0.14,1.1532,15651.1,19169.218
300743.SZ,2023/01/10,12.3,12.3,12.12,12.15,12.28,-0.13,-1.0586,14818.81,18060.219
300743.SZ,2023/01/11,12.19,12.25,12.0,12.03,12.15,-0.12,-0.9877,11325.72,13725.784
300743.SZ,2023/01/12,12.03,12.22,11.97,12.09,12.03,0.06,0.4988,12511.77,15173.399
300743.SZ,2023/01/13,12.18,12.18,11.89,11.98,12.09,-0.11,-0.9098,14340.74,17199.981
300743.SZ,2023/01/16,11.94,12.34,11.9,12.29,11.98,0.31,2.5876,20187.5,24721.402
300743.SZ,2023/01/17,12.36,12.37,12.14,12.23,12.29,-0.06,-0.4882,13800.4,16902.444
300743.SZ,2023/01/18,12.3,12.53,12.19,12.52,12.23,0.29,2.3712,18491.06,22970.09
300743.SZ,2023/01/19,12.43,12.73,12.43,12.71,12.52,0.19,1.5176,19125.24,24197.791
300743.SZ,2023/01/20,12.65,12.79,12.54,12.7,12.71,-0.01,-0.0787,16373.99,20774.454
300743.SZ,2023/01/30,12.81,12.88,12.74,12.77,12.7,0.07,0.5512,20562.51,26330.994
300743.SZ,2023/01/31,12.72,12.97,12.7,12.94,12.77,0.17,1.3312,24770.28,31878.092
300743.SZ,2023/02/01,12.97,13.03,12.82,12.94,12.94,0.0,0.0,35522.91,46011.356
300743.SZ,2023/02/02,12.95,13.09,12.79,12.83,12.94,-0.11,-0.8501,27581.29,35578.197
300743.SZ,2023/02/03,12.99,13.02,12.78,12.97,12.83,0.14,1.0912,25579.88,33035.339
300743.SZ,2023/02/06,12.93,13.13,12.85,13.02,12.97,0.05,0.3855,25905.75,33761.351
300743.SZ,2023/02/07,12.99,13.34,12.98,13.27,13.02,0.25,1.9201,32242.62,42496.782
300743.SZ,2023/02/08,13.29,13.58,13.19,13.41,13.27,0.14,1.055,40171.57,53926.597
300743.SZ,2023/02/09,13.22,13.56,13.22,13.51,13.41,0.1,0.7457,30560.3,41037.611
300743.SZ,2023/02/10,13.5,13.96,13.44,13.77,13.51,0.26,1.9245,35465.35,48826.254
300743.SZ,2023/02/13,13.66,13.87,13.42,13.48,13.77,-0.29,-2.106,32115.74,43481.16
300743.SZ,2023/02/14,13.38,13.48,13.35,13.41,13.48,-0.07,-0.5193,26430.86,35441.864
300743.SZ,2023/02/15,13.47,13.78,13.37,13.7,13.41,0.29,2.1626,29999.8,40863.127
300743.SZ,2023/02/16,13.71,13.77,13.08,13.17,13.7,-0.53,-3.8686,31577.84,42386.976
300743.SZ,2023/02/17,13.27,13.67,13.11,13.25,13.17,0.08,0.6074,36614.68,48746.595
300743.SZ,2023/02/20,13.26,13.32,13.02,13.28,13.25,0.03,0.2264,29691.39,39145.53
300743.SZ,2023/02/21,13.27,13.59,13.21,13.35,13.28,0.07,0.5271,24298.2,32593.275
300743.SZ,2023/02/22,13.21,13.44,13.11,13.35,13.35,0.0,0.0,17665.37,23419.801
300743.SZ,2023/02/23,13.28,13.42,13.17,13.21,13.35,-0.14,-1.0487,16557.34,21980.125
300743.SZ,2023/02/24,13.25,13.3,13.11,13.21,13.21,0.0,0.0,18008.96,23783.14
300743.SZ,2023/02/27,13.16,13.26,12.96,13.03,13.21,-0.18,-1.3626,16729.0,21884.127
300743.SZ,2023/02/28,13.18,13.34,13.06,13.23,13.03,0.2,1.5349,16898.27,22331.393
300743.SZ,2023/03/01,13.22,13.76,13.19,13.64,13.23,0.41,3.099,30410.6,41162.299
300743.SZ,2023/03/02,13.73,13.75,13.55,13.6,13.64,-0.04,-0.2933,16196.99,22087.021
300743.SZ,2023/03/03,13.64,13.65,13.37,13.52,13.6,-0.08,-0.5882,14072.0,18978.405
300743.SZ,2023/03/06,13.57,13.61,13.3,13.44,13.52,-0.08,-0.5917,15085.83,20225.719
300743.SZ,2023/03/07,13.44,13.51,13.12,13.15,13.44,-0.29,-2.1577,17954.21,23823.796
300743.SZ,2023/03/08,13.1,13.46,13.09,13.37,13.15,0.22,1.673,15216.71,20183.017
300743.SZ,2023/03/09,13.39,14.06,13.33,13.9,13.37,0.53,3.9641,46209.54,63734.335
300743.SZ,2023/03/10,13.97,14.19,13.73,13.78,13.9,-0.12,-0.8633,33467.73,46458.727
300743.SZ,2023/03/13,13.91,13.95,13.56,13.76,13.78,-0.02,-0.1451,23135.99,31712.192
300743.SZ,2023/03/14,13.86,13.88,13.19,13.41,13.76,-0.35,-2.5436,24149.58,32424.832
300743.SZ,2023/03/15,13.53,15.1,13.51,14.29,13.41,0.88,6.5623,108769.24,156534.332
300743.SZ,2023/03/16,14.03,14.14,13.59,13.78,14.29,-0.51,-3.5689,84174.1,115836.842
300743.SZ,2023/03/17,13.65,13.74,13.3,13.54,13.78,-0.24,-1.7417,74272.25,100221.36
300743.SZ,2023/03/20,13.55,13.77,12.99,13.04,13.54,-0.5,-3.6928,66286.28,87773.911
300743.SZ,2023/03/21,13.06,13.47,13.01,13.38,13.04,0.34,2.6074,51936.45,69041.671
300743.SZ,2023/03/22,13.33,14.9,13.29,14.75,13.38,1.37,10.2392,139361.3,198899.362
300743.SZ,2023/03/23,14.59,14.69,14.04,14.17,14.75,-0.58,-3.9322,105980.23,150886.055
300743.SZ,2023/03/24,14.18,14.45,14.09,14.32,14.17,0.15,1.0586,65439.58,93332.882
300743.SZ,2023/03/27,14.37,14.48,13.94,14.2,14.32,-0.12,-0.838,55090.69,77884.735
300743.SZ,2023/03/28,14.0,14.15,13.83,13.96,14.2,-0.24,-1.6901,35447.27,49575.502
300743.SZ,2023/03/29,14.08,14.08,13.56,13.77,13.96,-0.19,-1.361,37379.53,51398.279
300743.SZ,2023/03/30,13.88,13.88,13.35,13.38,13.77,-0.39,-2.8322,36922.67,49811.048
300743.SZ,2023/03/31,13.48,13.9,13.35,13.89,13.38,0.51,3.8117,41449.44,56703.1
300743.SZ,2023/04/03,13.89,14.24,13.77,14.06,13.89,0.17,1.2239,41425.36,57852.899
300743.SZ,2023/04/04,14.16,14.16,13.66,13.81,14.06,-0.25,-1.7781,34113.46,47371.698
300743.SZ,2023/04/06,13.81,13.81,13.52,13.63,13.81,-0.18,-1.3034,25046.85,34128.036
300743.SZ,2023/04/07,13.47,13.89,13.47,13.89,13.63,0.26,1.9076,28548.2,39144.927
300743.SZ,2023/04/10,13.89,14.18,13.43,13.5,13.89,-0.39,-2.8078,40704.93,56167.231
300743.SZ,2023/04/11,13.48,13.75,13.34,13.62,13.5,0.12,0.8889,28595.67,38750.302
300743.SZ,2023/04/12,13.64,15.08,13.6,14.46,13.62,0.84,6.1674,125186.92,183307.073
300743.SZ,2023/04/13,14.47,14.6,14.15,14.46,14.46,0.0,0.0,76732.47,110307.681
300743.SZ,2023/04/14,14.46,14.55,14.03,14.25,14.46,-0.21,-1.4523,44127.2,62884.71
300743.SZ,2023/04/17,14.19,14.48,13.96,14.15,14.25,-0.1,-0.7018,39462.09,55767.241
300743.SZ,2023/04/18,14.1,14.13,13.71,13.91,14.15,-0.24,-1.6961,31287.87,43307.822
300743.SZ,2023/04/19,13.93,14.45,13.82,14.36,13.91,0.45,3.2351,56989.03,81490.189
300743.SZ,2023/04/20,14.38,14.38,13.96,14.19,14.36,-0.17,-1.1838,38895.99,54904.155
300743.SZ,2023/04/21,14.26,14.28,13.01,13.03,14.19,-1.16,-8.1748,63911.0,86520.149
300743.SZ,2023/04/24,13.09,13.15,12.6,13.15,13.03,0.12,0.921,36834.53,47569.267
300743.SZ,2023/04/25,13.17,13.52,12.81,13.34,13.15,0.19,1.4449,44880.46,59247.998
300743.SZ,2023/04/26,13.26,13.68,13.08,13.23,13.34,-0.11,-0.8246,33644.99,44831.995
300743.SZ,2023/04/27,13.01,13.38,12.88,13.0,13.23,-0.23,-1.7385,28693.59,37697.729
300743.SZ,2023/04/28,13.0,13.96,13.0,13.86,13.0,0.86,6.6154,48928.8,66948.032
300743.SZ,2023/05/04,13.66,14.15,13.66,14.12,13.86,0.26,1.8759,41327.7,57779.599
300743.SZ,2023/05/05,14.12,14.42,13.94,14.34,14.12,0.22,1.5581,44690.17,63703.276
300743.SZ,2023/05/08,14.23,14.6,14.1,14.5,14.34,0.16,1.1158,48730.51,70165.259
300743.SZ,2023/05/09,14.39,14.8,14.33,14.7,14.5,0.2,1.3793,69212.89,101151.026
300743.SZ,2023/05/10,14.68,14.91,14.35,14.61,14.7,-0.09,-0.6122,57750.85,84173.705
300743.SZ,2023/05/11,14.55,14.92,14.49,14.6,14.61,-0.01,-0.0684,40211.3,58932.078
300743.SZ,2023/05/12,14.66,14.79,14.34,14.35,14.6,-0.25,-1.7123,38620.48,56017.617
300743.SZ,2023/05/15,14.39,14.52,14.03,14.42,14.35,0.07,0.4878,33567.0,47957.589
300743.SZ,2023/05/16,14.48,15.1,14.22,14.67,14.42,0.25,1.7337,64335.63,94736.962
300743.SZ,2023/05/17,14.67,15.93,14.56,15.84,14.67,1.17,7.9755,167618.79,258212.666
300743.SZ,2023/05/18,15.55,15.7,15.16,15.42,15.84,-0.42,-2.6515,111210.35,170272.153
300743.SZ,2023/05/19,15.31,15.44,15.08,15.35,15.42,-0.07,-0.454,61956.05,94430.501
300743.SZ,2023/05/22,15.3,15.65,14.9,15.6,15.35,0.25,1.6287,83339.3,127549.619
300743.SZ,2023/05/23,15.6,15.63,14.82,14.82,15.6,-0.78,-5.0,69077.77,104395.626
300743.SZ,2023/05/24,14.71,15.03,14.67,14.8,14.82,-0.02,-0.135,46303.53,68868.858
300743.SZ,2023/05/25,14.92,14.97,14.47,14.68,14.8,-0.12,-0.8108,38144.92,55771.204
300743.SZ,2023/05/26,14.7,14.95,14.4,14.86,14.68,0.18,1.2262,37578.38,55507.149
300743.SZ,2023/05/29,14.86,15.02,14.69,14.77,14.86,-0.09,-0.6057,27984.9,41465.326
300743.SZ,2023/05/30,14.65,15.07,14.33,14.97,14.77,0.2,1.3541,34340.07,50918.396
300743.SZ,2023/05/31,14.99,15.1,14.71,14.71,14.97,-0.26,-1.7368,23918.29,35432.574
300743.SZ,2023/06/01,14.68,15.8,14.63,15.5,14.71,0.79,5.3705,93506.83,144546.428
300743.SZ,2023/06/02,15.5,16.27,15.36,15.82,15.5,0.32,2.0645,101750.28,162034.799
300743.SZ,2023/06/05,15.86,17.27,15.86,16.62,15.82,0.8,5.0569,128908.5,215060.669
300743.SZ,2023/06/06,16.39,16.45,15.73,15.84,16.62,-0.78,-4.6931,88866.7,142309.929
300743.SZ,2023/06/07,15.79,16.06,15.52,15.83,15.84,-0.01,-0.0631,51363.51,81407.624
300743.SZ,2023/06/08,15.83,16.28,15.65,15.8,15.83,-0.03,-0.1895,59894.15,95528.287
300743.SZ,2023/06/09,15.9,15.98,15.43,15.63,15.8,-0.17,-1.0759,48919.59,76596.277
300743.SZ,2023/06/12,15.8,15.86,15.49,15.78,15.63,0.15,0.9597,39918.28,62568.95
300743.SZ,2023/06/13,15.77,15.9,15.48,15.81,15.78,0.03,0.1901,43166.02,67957.569
300743.SZ,2023/06/14,15.75,16.08,15.6,15.81,15.81,0.0,0.0,43305.16,68630.321
300743.SZ,2023/06/15,15.74,15.89,15.46,15.58,15.81,-0.23,-1.4548,42174.27,65795.71
300743.SZ,2023/06/16,15.54,15.88,15.48,15.79,15.58,0.21,1.3479,33509.55,52853.219
300743.SZ,2023/06/19,15.79,16.32,15.58,16.24,15.79,0.45,2.8499,55627.98,89833.902
300743.SZ,2023/06/20,16.25,16.25,15.86,15.86,16.24,-0.38,-2.3399,40837.69,65115.257
300743.SZ,2023/06/21,15.86,16.0,15.35,15.39,15.86,-0.47,-2.9634,38371.82,60052.375
300743.SZ,2023/06/26,15.31,15.75,15.01,15.04,15.39,-0.35,-2.2742,39882.01,60897.453
300743.SZ,2023/06/27,15.04,15.55,15.0,15.48,15.04,0.44,2.9255,25454.16,39170.594
300743.SZ,2023/06/28,15.51,15.51,14.82,15.32,15.48,-0.16,-1.0336,29555.59,44636.962
300743.SZ,2023/06/29,15.34,15.93,15.23,15.75,15.32,0.43,2.8068,29699.82,46644.364
300743.SZ,2023/06/30,15.66,15.9,15.57,15.72,15.75,-0.03,-0.1905,23632.11,37234.358
300743.SZ,2023/07/03,15.7,15.8,15.37,15.43,15.72,-0.29,-1.8448,29739.78,46047.499
300743.SZ,2023/07/04,15.51,15.68,15.41,15.5,15.43,0.07,0.4537,16826.19,26132.253
300743.SZ,2023/07/05,15.49,15.67,15.31,15.41,15.5,-0.09,-0.5806,16682.63,25873.024
300743.SZ,2023/07/06,15.4,16.04,15.35,15.83,15.41,0.42,2.7255,29965.92,47440.703
300743.SZ,2023/07/07,15.74,16.04,15.63,15.79,15.83,-0.04,-0.2527,26593.68,42068.447
300743.SZ,2023/07/10,15.65,15.75,15.29,15.43,15.79,-0.36,-2.2799,27380.14,42224.158
300743.SZ,2023/07/11,15.19,15.35,15.11,15.17,15.18,-0.01,-0.0659,15038.8,22939.385
300743.SZ,2023/07/12,15.17,15.27,14.77,14.83,15.17,-0.34,-2.2413,21826.25,32638.095
300743.SZ,2023/07/13,14.92,15.16,14.8,15.12,14.83,0.29,1.9555,15278.62,22965.125
300743.SZ,2023/07/14,15.11,16.15,15.1,16.04,15.12,0.92,6.0847,66227.09,105238.86
300743.SZ,2023/07/17,16.06,16.13,15.54,15.74,16.04,-0.3,-1.8703,40318.36,63526.346
300743.SZ,2023/07/18,15.74,15.95,15.55,15.74,15.74,0.0,0.0,25629.87,40329.049
300743.SZ,2023/07/19,15.7,15.84,15.45,15.59,15.74,-0.15,-0.953,20181.4,31431.513
300743.SZ,2023/07/20,15.51,15.68,15.08,15.09,15.59,-0.5,-3.2072,28071.61,42944.895
300743.SZ,2023/07/21,15.12,15.22,14.75,14.85,15.09,-0.24,-1.5905,24048.99,35938.788
300743.SZ,2023/07/24,14.85,15.32,14.77,15.2,14.85,0.35,2.3569,26154.52,39625.348
300743.SZ,2023/07/25,15.4,15.54,15.05,15.52,15.2,0.32,2.1053,23299.38,35741.332
300743.SZ,2023/07/26,15.52,15.52,14.94,14.99,15.52,-0.53,-3.4149,22659.18,34244.33
300743.SZ,2023/07/27,15.1,15.12,14.86,14.89,14.99,-0.1,-0.6671,12143.0,18189.979
300743.SZ,2023/07/28,15.0,15.06,14.75,15.02,14.89,0.13,0.8731,12884.0,19268.972
300743.SZ,2023/07/31,15.02,15.12,14.66,14.69,15.02,-0.33,-2.1971,22527.38,33337.381
300743.SZ,2023/08/01,14.68,14.75,14.4,14.49,14.69,-0.2,-1.3615,17808.92,25821.839
300743.SZ,2023/08/02,14.55,14.55,14.3,14.5,14.49,0.01,0.069,14301.4,20608.564
300743.SZ,2023/08/03,14.49,14.56,14.35,14.5,14.5,0.0,0.0,10138.72,14660.278
300743.SZ,2023/08/04,14.52,14.84,14.52,14.74,14.5,0.24,1.6552,15432.7,22704.134
300743.SZ,2023/08/07,14.76,14.86,14.6,14.73,14.74,-0.01,-0.0678,12532.43,18430.075
300743.SZ,2023/08/08,14.7,14.83,14.66,14.75,14.73,0.02,0.1358,9943.87,14652.616
300743.SZ,2023/08/09,14.75,14.79,14.53,14.56,14.75,-0.19,-1.2881,10033.4,14696.022
300743.SZ,2023/08/10,14.66,14.82,14.58,14.71,14.56,0.15,1.0302,13363.57,19689.925
300743.SZ,2023/08/11,14.73,14.83,14.43,14.44,14.71,-0.27,-1.8355,12259.1,17957.126
300743.SZ,2023/08/14,14.32,14.76,14.25,14.75,14.44,0.31,2.1468,14885.12,21590.759
300743.SZ,2023/08/15,14.86,14.86,14.54,14.68,14.75,-0.07,-0.4746,10217.39,15010.257
300743.SZ,2023/08/16,14.58,14.67,14.26,14.26,14.68,-0.42,-2.861,16319.06,23512.507
300743.SZ,2023/08/17,14.25,14.79,14.08,14.76,14.26,0.5,3.5063,17756.23,25792.729
300743.SZ,2023/08/18,14.76,14.91,14.54,14.59,14.76,-0.17,-1.1518,17300.0,25576.58
300743.SZ,2023/08/21,14.49,14.94,14.46,14.66,14.59,0.07,0.4798,21333.61,31516.754
300743.SZ,2023/08/22,14.78,14.87,14.42,14.83,14.66,0.17,1.1596,18248.0,26806.379
300743.SZ,2023/08/23,14.77,14.99,14.71,14.83,14.83,0.0,0.0,20848.28,30977.006
300743.SZ,2023/08/24,14.83,14.86,14.34,14.49,14.83,-0.34,-2.2927,21953.51,31951.293
300743.SZ,2023/08/25,14.47,14.54,13.89,13.97,14.49,-0.52,-3.5887,21181.44,30078.318
300743.SZ,2023/08/28,14.6,14.88,13.7,13.78,13.97,-0.19,-1.3601,25795.13,36540.226
300743.SZ,2023/08/29,13.97,15.25,13.91,15.09,13.78,1.31,9.5065,65205.45,97019.728
300743.SZ,2023/08/30,15.12,15.54,15.0,15.47,15.09,0.38,2.5182,49608.78,76322.838
300743.SZ,2023/08/31,15.38,15.64,15.32,15.49,15.47,0.02,0.1293,35187.21,54602.395
300743.SZ,2023/09/01,15.54,15.66,15.36,15.49,15.49,0.0,0.0,23695.63,36655.066
300743.SZ,2023/09/04,15.5,15.64,15.39,15.57,15.49,0.08,0.5165,27380.45,42556.219
300743.SZ,2023/09/05,15.75,15.83,15.57,15.7,15.57,0.13,0.8349,32758.72,51529.035
300743.SZ,2023/09/06,15.61,15.88,15.56,15.81,15.7,0.11,0.7006,22616.52,35693.794
300743.SZ,2023/09/07,15.91,16.09,15.76,15.8,15.81,-0.01,-0.0633,29615.49,47193.582
300743.SZ,2023/09/08,15.9,16.17,15.72,16.05,15.8,0.25,1.5823,26346.95,42144.531
300743.SZ,2023/09/11,16.02,16.54,15.83,16.37,16.05,0.32,1.9938,41833.13,67950.044
300743.SZ,2023/09/12,16.29,16.34,15.97,16.12,16.37,-0.25,-1.5272,27903.58,44953.457
300743.SZ,2023/09/13,16.01,16.09,15.69,15.9,16.12,-0.22,-1.3648,25210.79,40007.756
300743.SZ,2023/09/14,15.77,15.98,15.58,15.74,15.9,-0.16,-1.0063,20963.93,33031.349
300743.SZ,2023/09/15,15.78,15.83,15.35,15.45,15.74,-0.29,-1.8424,20397.8,31609.367
300743.SZ,2023/09/18,15.35,15.76,15.27,15.58,15.45,0.13,0.8414,19567.82,30463.72
300743.SZ,2023/09/19,15.63,15.63,15.17,15.2,15.58,-0.38,-2.439,16541.92,25250.918
300743.SZ,2023/09/20,15.24,15.57,15.21,15.24,15.2,0.04,0.2632,13889.24,21368.103
300743.SZ,2023/09/21,15.24,15.55,15.06,15.28,15.24,0.04,0.2625,18132.24,27811.034
300743.SZ,2023/09/22,15.34,15.81,15.16,15.77,15.28,0.49,3.2068,26145.49,40820.375
300743.SZ,2023/09/25,15.9,15.9,15.5,15.66,15.77,-0.11,-0.6975,25408.27,39744.164
300743.SZ,2023/09/26,15.66,15.88,15.41,15.71,15.66,0.05,0.3193,19975.74,31382.094
300743.SZ,2023/09/27,15.76,15.89,15.51,15.51,15.71,-0.2,-1.2731,33104.66,51810.626
300743.SZ,2023/09/28,15.55,16.24,15.55,16.1,15.51,0.59,3.804,42406.88,67920.72
300743.SZ,2023/10/09,16.1,16.27,15.77,15.95,16.1,-0.15,-0.9317,27614.24,44120.338
300743.SZ,2023/10/10,15.95,16.2,15.91,15.98,15.95,0.03,0.1881,20626.0,33079.91
300743.SZ,2023/10/11,16.06,16.07,15.65,15.94,15.98,-0.04,-0.2503,24861.68,39484.019
300743.SZ,2023/10/12,15.85,15.96,15.23,15.27,15.94,-0.67,-4.2033,47194.36,72898.165
300743.SZ,2023/10/13,14.99,15.09,14.12,14.15,15.27,-1.12,-7.3346,72693.96,105031.863
300743.SZ,2023/10/16,14.2,14.52,13.8,14.42,14.15,0.27,1.9081,75757.76,108140.058
300743.SZ,2023/10/17,14.37,14.68,14.3,14.58,14.42,0.16,1.1096,49326.65,71428.5
300743.SZ,2023/10/18,14.49,14.57,14.33,14.42,14.58,-0.16,-1.0974,35917.82,51891.934
300743.SZ,2023/10/19,14.09,14.93,14.09,14.56,14.42,0.14,0.9709,39217.1,57586.894
300743.SZ,2023/10/20,14.59,14.8,13.99,14.04,14.56,-0.52,-3.5714,36877.07,52636.23
300743.SZ,2023/10/23,14.15,14.27,13.6,13.72,14.04,-0.32,-2.2792,42382.84,58732.694
300743.SZ,2023/10/24,13.78,14.34,13.69,14.26,13.72,0.54,3.9359,32668.33,46192.25
300743.SZ,2023/10/25,14.32,14.48,14.1,14.3,14.26,0.04,0.2805,33422.65,47813.71
300743.SZ,2023/10/26,14.39,14.46,13.96,14.2,14.3,-0.1,-0.6993,31496.4,44516.41
300743.SZ,2023/10/27,14.24,14.3,13.9,14.12,14.2,-0.08,-0.5634,28991.14,40773.487
300743.SZ,2023/10/30,14.0,14.28,13.89,14.22,14.12,0.1,0.7082,37847.81,53539.405
300743.SZ,2023/10/31,14.26,14.38,13.98,14.06,14.22,-0.16,-1.1252,32021.35,45274.54
300743.SZ,2023/11/01,14.05,14.47,13.94,14.32,14.06,0.26,1.8492,45846.22,65543.513
300743.SZ,2023/11/02,14.27,14.5,14.01,14.09,14.32,-0.23,-1.6061,29209.54,41517.355
300743.SZ,2023/11/03,14.08,14.51,14.06,14.34,14.09,0.25,1.7743,27885.67,40068.996
300743.SZ,2023/11/06,14.38,14.55,14.35,14.48,14.34,0.14,0.9763,37211.57,53816.651
300743.SZ,2023/11/07,14.38,14.62,14.34,14.6,14.48,0.12,0.8287,29468.85,42724.138
300743.SZ,2023/11/08,14.6,14.68,14.46,14.53,14.6,-0.07,-0.4795,24037.82,35040.128
300743.SZ,2023/11/09,14.49,14.67,14.4,14.46,14.53,-0.07,-0.4818,20706.9,30019.396
300743.SZ,2023/11/10,14.6,14.6,14.26,14.44,14.46,-0.02,-0.1383,22578.12,32620.289
300743.SZ,2023/11/13,14.48,14.68,14.45,14.67,14.44,0.23,1.5928,29720.46,43430.475
300743.SZ,2023/11/14,14.7,14.9,14.62,14.8,14.67,0.13,0.8862,27867.56,41133.915
300743.SZ,2023/11/15,14.9,14.93,14.71,14.81,14.8,0.01,0.0676,20201.23,29915.016
300743.SZ,2023/11/16,15.09,15.09,14.66,14.67,14.81,-0.14,-0.9453,27965.68,41351.41
300743.SZ,2023/11/17,14.62,14.8,14.62,14.79,14.67,0.12,0.818,20943.64,30847.824
300743.SZ,2023/11/20,14.84,14.95,14.63,14.92,14.79,0.13,0.879,30120.45,44631.152
300743.SZ,2023/11/21,14.9,14.98,14.65,14.68,14.92,-0.24,-1.6086,23023.73,34126.576
300743.SZ,2023/11/22,14.67,14.83,14.51,14.51,14.68,-0.17,-1.158,20631.36,30250.199
300743.SZ,2023/11/23,14.5,14.79,14.45,14.71,14.51,0.2,1.3784,25892.74,37908.046
300743.SZ,2023/11/24,14.76,14.76,14.33,14.42,14.71,-0.29,-1.9714,25892.9,37413.18
300743.SZ,2023/11/27,14.38,14.68,14.38,14.49,14.42,0.07,0.4854,33456.74,48576.4
300743.SZ,2023/11/28,14.48,14.7,14.35,14.54,14.49,0.05,0.3451,26308.65,38330.977
300743.SZ,2023/11/29,14.62,14.73,14.51,14.56,14.54,0.02,0.1376,21924.97,31954.079
300743.SZ,2023/11/30,14.51,14.58,14.18,14.29,14.56,-0.27,-1.8544,26722.39,38308.824
300743.SZ,2023/12/01,14.28,14.39,14.19,14.29,14.29,0.0,0.0,26419.89,37720.655
300743.SZ,2023/12/04,14.28,14.47,14.2,14.29,14.29,0.0,0.0,29394.65,42196.747
300743.SZ,2023/12/05,14.29,14.3,13.94,13.94,14.29,-0.35,-2.4493,26660.27,37495.085
300743.SZ,2023/12/06,13.93,14.16,13.85,14.07,13.94,0.13,0.9326,29835.61,41959.123
300743.SZ,2023/12/07,14.0,14.26,13.98,14.11,14.07,0.04,0.2843,26303.44,37076.748
300743.SZ,2023/12/08,14.16,14.23,13.65,13.68,14.11,-0.43,-3.0475,27179.28,37693.582
300743.SZ,2023/12/11,13.72,13.91,13.61,13.87,13.68,0.19,1.3889,30760.81,42325.366
300743.SZ,2023/12/12,13.87,13.98,13.81,13.96,13.87,0.09,0.6489,17753.71,24677.772
300743.SZ,2023/12/13,13.96,14.1,13.9,13.9,13.96,-0.06,-0.4298,20673.07,28926.305
300743.SZ,2023/12/14,13.92,14.06,13.86,13.91,13.9,0.01,0.0719,21090.66,29460.807
300743.SZ,2023/12/15,14.05,14.05,13.73,13.84,13.91,-0.07,-0.5032,19123.97,26460.641
300743.SZ,2023/12/18,13.79,13.85,13.56,13.66,13.84,-0.18,-1.3006,27569.4,37711.616
300743.SZ,2023/12/19,13.75,14.17,13.67,13.87,13.66,0.21,1.5373,25865.95,35740.321
300743.SZ,2023/12/20,13.96,14.11,13.8,13.83,13.87,-0.04,-0.2884,25323.66,35336.215
300743.SZ,2023/12/21,13.75,13.82,13.34,13.68,13.83,-0.15,-1.0846,27590.74,37523.576
300743.SZ,2023/12/22,13.69,13.78,13.31,13.38,13.68,-0.3,-2.193,25228.96,34042.462
300743.SZ,2023/12/25,13.44,13.75,13.18,13.33,13.38,-0.05,-0.3737,24396.89,32573.501
300743.SZ,2023/12/26,13.33,13.34,13.13,13.21,13.33,-0.12,-0.9002,16097.04,21252.439
300743.SZ,2023/12/27,13.21,13.35,13.11,13.3,13.21,0.09,0.6813,16873.97,22326.63
300743.SZ,2023/12/28,13.36,13.65,13.05,13.56,13.3,0.26,1.9549,21786.43,29221.179
300743.SZ,2023/12/29,13.53,13.89,13.38,13.88,13.56,0.32,2.3599,21119.39,28941.373
300743.SZ,2024/01/02,13.84,14.04,13.84,14.01,13.88,0.13,0.9366,22893.68,31949.863
300743.SZ,2024/01/03,14.0,14.03,13.81,13.99,14.01,-0.02,-0.1428,20439.33,28512.666
300743.SZ,2024/01/04,13.91,13.98,13.83,13.9,13.99,-0.09,-0.6433,17677.69,24587.097
300743.SZ,2024/01/05,13.9,13.97,13.63,13.68,13.9,-0.22,-1.5827,13952.99,19273.454
300743.SZ,2024/01/08,13.76,13.76,13.45,13.47,13.68,-0.21,-1.5351,24066.33,32675.034
300743.SZ,2024/01/09,13.51,13.71,13.3,13.43,13.47,-0.04,-0.297,21443.53,28984.109
300743.SZ,2024/01/10,13.44,13.49,13.09,13.28,13.43,-0.15,-1.1169,22021.14,29287.799
300743.SZ,2024/01/11,13.22,13.61,13.19,13.6,13.28,0.32,2.4096,18297.37,24586.77
300743.SZ,2024/01/12,13.65,13.7,13.44,13.44,13.6,-0.16,-1.1765,13828.0,18743.571
300743.SZ,2024/01/15,13.45,13.58,13.22,13.36,13.44,-0.08,-0.5952,17118.0,22874.416
300743.SZ,2024/01/16,13.47,13.47,13.05,13.16,13.36,-0.2,-1.497,25108.66,33125.426
300743.SZ,2024/01/17,13.17,13.3,12.94,12.98,13.16,-0.18,-1.3678,20427.5,26896.309
300743.SZ,2024/01/18,12.97,13.06,12.35,12.65,12.98,-0.33,-2.5424,34085.45,43048.763
300743.SZ,2024/01/19,12.72,12.73,12.45,12.46,12.65,-0.19,-1.502,24173.25,30368.232
300743.SZ,2024/01/22,12.35,12.53,11.41,11.5,12.46,-0.96,-7.7047,31609.89,37762.22
300743.SZ,2024/01/23,11.53,11.66,11.03,11.15,11.5,-0.35,-3.0435,41461.05,46448.372
300743.SZ,2024/01/24,11.25,11.54,10.92,11.46,11.15,0.31,2.7803,41599.31,46869.43
300743.SZ,2024/01/25,11.4,11.96,11.32,11.95,11.46,0.49,4.2757,33358.28,39032.914
300743.SZ,2024/01/26,11.98,12.27,11.97,12.06,11.95,0.11,0.9205,29836.5,36259.979
300743.SZ,2024/01/29,12.23,12.23,11.49,11.52,12.06,-0.54,-4.4776,25951.48,30412.172
300743.SZ,2024/01/30,11.61,11.85,11.22,11.27,11.52,-0.25,-2.1701,30308.42,34901.594
300743.SZ,2024/01/31,11.25,11.25,10.41,10.5,11.27,-0.77,-6.8323,36666.4,39392.099
300743.SZ,2024/02/01,10.59,10.59,9.88,10.21,10.5,-0.29,-2.7619,35953.89,36632.041
300743.SZ,2024/02/02,10.21,10.47,9.14,9.55,10.21,-0.66,-6.4643,47493.39,46240.245
300743.SZ,2024/02/05,9.39,9.4,7.75,8.06,9.55,-1.49,-15.6021,83128.24,68487.751
300743.SZ,2024/02/06,7.93,8.44,7.08,7.9,8.06,-0.16,-1.9851,93844.33,71661.907
300743.SZ,2024/02/07,8.03,8.03,7.41,7.6,7.9,-0.3,-3.7975,69960.7,53341.629
300743.SZ,2024/02/08,7.69,8.63,7.55,8.59,7.6,0.99,13.0263,72580.63,58152.277
300743.SZ,2024/02/19,8.76,9.36,8.76,9.14,8.59,0.55,6.4028,69463.31,63056.646
300743.SZ,2024/02/20,9.17,9.31,8.89,9.22,9.14,0.08,0.8753,36792.73,33575.482
300743.SZ,2024/02/21,9.16,9.96,9.08,9.43,9.22,0.21,2.2777,47812.75,45871.056
300743.SZ,2024/02/22,9.52,10.03,9.52,10.01,9.43,0.58,6.1506,42241.46,41327.114
300743.SZ,2024/02/23,10.17,10.53,10.03,10.52,10.01,0.51,5.0949,47860.33,49365.935
300743.SZ,2024/02/26,10.63,10.94,10.52,10.65,10.52,0.13,1.2357,54130.63,58000.161
300743.SZ,2024/02/27,10.66,11.04,10.49,11.04,10.65,0.39,3.662,36205.37,39126.71
300743.SZ,2024/02/28,11.2,11.4,9.72,9.8,11.04,-1.24,-11.2319,81520.34,85340.639
300743.SZ,2024/02/29,9.66,10.23,9.56,10.23,9.8,0.43,4.3878,53035.35,53145.176
300743.SZ,2024/03/01,10.2,10.45,10.08,10.44,10.23,0.21,2.0528,37450.45,38641.227
300743.SZ,2024/03/04,10.45,10.75,10.13,10.42,10.44,-0.02,-0.1916,37424.76,38897.63
300743.SZ,2024/03/05,10.32,10.41,10.03,10.08,10.42,-0.34,-3.263,43104.81,43897.776
300743.SZ,2024/03/06,10.05,10.31,9.88,10.19,10.08,0.11,1.0913,34320.78,34748.887
300743.SZ,2024/03/07,10.13,10.37,10.06,10.11,10.19,-0.08,-0.7851,26416.4,27051.785
300743.SZ,2024/03/08,10.17,10.38,10.05,10.36,10.11,0.25,2.4728,23653.59,24194.525
300743.SZ,2024/03/11,10.35,10.62,10.22,10.6,10.36,0.24,2.3166,29104.65,30367.406
300743.SZ,2024/03/12,10.7,10.79,10.36,10.77,10.6,0.17,1.6038,29418.13,31229.936
300743.SZ,2024/03/13,10.78,10.99,10.68,10.9,10.77,0.13,1.2071,27776.04,30091.794
300743.SZ,2024/03/14,10.88,10.95,10.57,10.8,10.9,-0.1,-0.9174,25139.21,27117.189
300743.SZ,2024/03/15,10.8,10.98,10.67,10.97,10.8,0.17,1.5741,21048.92,22800.103
300743.SZ,2024/03/18,11.0,11.39,10.97,11.37,10.97,0.4,3.6463,26284.43,29505.757
300743.SZ,2024/03/19,11.42,11.58,11.27,11.41,11.37,0.04,0.3518,25728.0,29391.092
300743.SZ,2024/03/20,11.4,11.61,11.34,11.57,11.41,0.16,1.4023,23089.33,26523.652
300743.SZ,2024/03/21,11.66,11.72,11.38,11.67,11.57,0.1,0.8643,26259.84,30422.654
300743.SZ,2024/03/22,11.64,11.76,11.38,11.47,11.67,-0.2,-1.7138,28027.32,32390.096
300743.SZ,2024/03/25,11.47,11.55,11.08,11.15,11.47,-0.32,-2.7899,29436.92,33418.342
300743.SZ,2024/03/26,11.1,11.26,10.84,10.98,11.15,-0.17,-1.5247,29484.65,32466.987
300743.SZ,2024/03/27,11.07,11.1,10.53,10.56,10.98,-0.42,-3.8251,25144.99,27053.196
300743.SZ,2024/03/28,10.59,11.07,10.55,11.0,10.56,0.44,4.1667,23489.5,25569.564
300743.SZ,2024/03/29,10.95,11.32,10.9,11.31,11.0,0.31,2.8182,24817.11,27572.885
300743.SZ,2024/04/01,11.32,11.58,11.27,11.58,11.31,0.27,2.3873,23449.66,26896.208
300743.SZ,2024/04/02,11.61,11.78,11.56,11.66,11.58,0.08,0.6908,24933.97,29141.417
300743.SZ,2024/04/03,11.69,11.69,11.25,11.55,11.66,-0.11,-0.9434,22936.9,26241.978
300743.SZ,2024/04/08,11.58,11.58,11.01,11.06,11.55,-0.49,-4.2424,24708.81,27725.563
300743.SZ,2024/04/09,11.1,11.33,11.01,11.31,11.06,0.25,2.2604,23440.87,26246.946
300743.SZ,2024/04/10,11.38,11.38,10.84,10.94,11.31,-0.37,-3.2714,22882.26,25217.808
300743.SZ,2024/04/11,10.92,11.2,10.8,11.03,10.94,0.09,0.8227,24470.56,27073.056
300743.SZ,2024/04/12,10.96,11.3,10.96,11.08,11.03,0.05,0.4533,24832.66,27716.369
300743.SZ,2024/04/15,10.95,11.16,9.82,10.09,11.08,-0.99,-8.935,56079.22,57386.67
300743.SZ,2024/04/16,9.82,9.85,8.85,8.97,10.09,-1.12,-11.1001,58005.59,53244.007
300743.SZ,2024/04/17,9.11,10.09,9.1,10.08,8.97,1.11,12.3746,46437.25,45431.655
300743.SZ,2024/04/18,10.08,10.2,9.72,9.96,10.08,-0.12,-1.1905,36789.38,36687.88
300743.SZ,2024/04/19,9.96,10.12,9.76,9.9,9.96,-0.06,-0.6024,22995.12,22772.707
300743.SZ,2024/04/22,9.82,10.29,9.55,10.27,9.9,0.37,3.7374,45956.69,46282.068
300743.SZ,2024/04/23,11.55,12.32,11.2,12.32,10.27,2.05,19.9611,71328.05,85926.846
300743.SZ,2024/04/24,12.99,13.38,11.68,11.92,12.32,-0.4,-3.2468,206157.59,255003.977
300743.SZ,2024/04/25,11.85,12.07,11.75,11.97,11.92,0.05,0.4195,114939.42,136431.248
300743.SZ,2024/04/26,11.86,12.05,11.76,11.79,11.97,-0.18,-1.5038,97093.56,115493.368
300743.SZ,2024/04/29,11.79,12.17,11.79,12.17,11.79,0.38,3.2231,92372.38,110937.303
300743.SZ,2024/04/30,12.08,12.53,12.05,12.21,12.17,0.04,0.3287,80187.81,98339.079
300743.SZ,2024/05/06,12.26,12.87,12.2,12.77,12.21,0.56,4.5864,88434.45,110526.477
300743.SZ,2024/05/07,12.69,12.73,12.49,12.72,12.77,-0.05,-0.3915,49579.47,62575.566
300743.SZ,2024/05/08,12.72,12.84,12.48,12.55,12.72,-0.17,-1.3365,34516.35,43513.857
300743.SZ,2024/05/09,12.5,12.65,12.47,12.52,12.55,-0.03,-0.239,31102.6,39008.831
300743.SZ,2024/05/10,12.58,12.62,12.4,12.5,12.52,-0.02,-0.1597,32426.79,40574.661
300743.SZ,2024/05/13,12.46,12.53,12.1,12.37,12.5,-0.13,-1.04,38121.9,46926.004
300743.SZ,2024/05/14,12.36,13.32,12.26,13.29,12.37,0.92,7.4373,70661.19,91465.493
300743.SZ,2024/05/15,13.26,13.26,12.76,12.95,13.29,-0.34,-2.5583,61086.19,79048.615
300743.SZ,2024/05/16,12.7,13.09,12.7,12.94,12.95,-0.01,-0.0772,43228.12,55765.169
300743.SZ,2024/05/17,12.91,13.05,12.82,13.05,12.94,0.11,0.8501,33977.63,44062.608
300743.SZ,2024/05/20,13.05,13.32,13.01,13.19,13.05,0.14,1.0728,40649.35,53562.914
300743.SZ,2024/05/21,13.18,13.29,12.86,13.28,13.19,0.09,0.6823,29528.41,38799.14
300743.SZ,2024/05/22,13.19,13.28,12.97,13.05,13.28,-0.23,-1.7319,30235.85,39594.026
300743.SZ,2024/05/23,13.03,13.39,12.95,13.07,13.05,0.02,0.1533,40726.32,53591.544
300743.SZ,2024/05/24,13.1,13.1,12.71,12.76,13.07,-0.31,-2.3718,25603.15,32942.307
300743.SZ,2024/05/27,12.85,13.02,12.53,12.92,12.76,0.16,1.2539,36398.66,46448.451
300743.SZ,2024/05/28,12.88,13.14,12.7,12.93,12.92,0.01,0.0774,26579.37,34477.292
300743.SZ,2024/05/29,12.79,13.15,12.79,13.03,12.93,0.1,0.7734,22149.98,28852.005
300743.SZ,2024/05/30,12.95,13.17,12.8,12.91,13.03,-0.12,-0.921,22872.0,29686.073
300743.SZ,2024/05/31,12.89,13.28,12.86,13.08,12.91,0.17,1.3168,29664.32,38951.691
300743.SZ,2024/06/03,13.1,14.38,13.01,13.86,13.08,0.78,5.9633,114041.2,156918.898
300743.SZ,2024/06/04,13.64,13.77,12.66,12.84,13.86,-1.02,-7.3593,109416.93,142220.461
300743.SZ,2024/06/05,12.69,13.09,12.41,12.49,12.84,-0.35,-2.7259,56523.18,71799.896
300743.SZ,2024/06/06,12.63,12.64,11.65,11.81,12.49,-0.68,-5.4444,66630.83,80079.623
300743.SZ,2024/06/07,12.0,12.45,11.98,12.32,11.81,0.51,4.3184,50537.83,61916.134
300743.SZ,2024/06/11,12.21,12.44,11.71,12.42,12.32,0.1,0.8117,43843.66,52994.099
300743.SZ,2024/06/12,12.4,12.66,12.32,12.54,12.42,0.12,0.9662,31842.1,39928.927
300743.SZ,2024/06/13,12.6,12.68,12.4,12.51,12.54,-0.03,-0.2392,26369.43,33067.985
300743.SZ,2024/06/14,12.18,12.38,12.02,12.34,12.17,0.17,1.3969,32064.64,39268.44
300743.SZ,2024/06/17,12.48,12.5,12.22,12.28,12.34,-0.06,-0.4862,23194.32,28573.93
300743.SZ,2024/06/18,12.31,12.83,12.21,12.72,12.28,0.44,3.5831,33899.75,42773.299
300743.SZ,2024/06/19,12.77,13.0,12.69,12.73,12.72,0.01,0.0786,30915.59,39702.088
300743.SZ,2024/06/20,12.59,12.79,12.41,12.42,12.73,-0.31,-2.4352,22897.3,28768.715
300743.SZ,2024/06/21,12.42,12.56,12.12,12.44,12.42,0.02,0.161,20660.64,25622.505
300743.SZ,2024/06/24,12.88,13.47,12.14,12.28,12.44,-0.16,-1.2862,53557.07,67380.503
300743.SZ,2024/06/25,12.34,12.78,12.21,12.59,12.28,0.31,2.5244,51468.66,64835.061
300743.SZ,2024/06/26,12.57,12.93,12.25,12.89,12.59,0.3,2.3828,40603.57,51155.96
300743.SZ,2024/06/27,12.86,13.42,12.75,13.26,12.89,0.37,2.8704,60298.64,79447.929
300743.SZ,2024/06/28,13.15,13.65,12.99,13.54,13.26,0.28,2.1116,74612.04,99632.039
300743.SZ,2024/07/01,13.18,13.49,12.9,13.17,13.54,-0.37,-2.7326,63237.6,82924.483
300743.SZ,2024/07/02,13.14,13.35,13.0,13.12,13.17,-0.05,-0.3797,42608.39,56083.89
300743.SZ,2024/07/03,13.12,13.2,12.66,12.8,13.12,-0.32,-2.439,42267.33,54268.678
300743.SZ,2024/07/04,12.85,12.85,12.21,12.31,12.8,-0.49,-3.8281,35838.99,44713.342
300743.SZ,2024/07/05,12.23,12.53,12.01,12.45,12.31,0.14,1.1373,27058.86,33402.468
300743.SZ,2024/07/08,12.43,12.53,12.13,12.21,12.45,-0.24,-1.9277,28109.86,34701.881
300743.SZ,2024/07/09,12.19,12.78,12.04,12.77,12.21,0.56,4.5864,34650.15,43125.012
300743.SZ,2024/07/10,12.7,13.07,12.61,12.89,12.77,0.12,0.9397,31174.94,40200.144
300743.SZ,2024/07/11,13.07,13.2,12.9,13.09,12.89,0.2,1.5516,29849.44,38898.52
300743.SZ,2024/07/12,13.04,13.33,13.0,13.13,13.09,0.04,0.3056,32461.16,42844.799
300743.SZ,2024/07/15,13.2,13.2,12.37,12.58,13.13,-0.55,-4.1889,37079.0,46762.235
300743.SZ,2024/07/16,12.54,12.68,12.33,12.47,12.58,-0.11,-0.8744,30076.64,37544.862
300743.SZ,2024/07/17,12.52,12.55,12.1,12.13,12.47,-0.34,-2.7265,24688.69,30284.114
300743.SZ,2024/07/18,12.01,12.15,11.56,11.91,12.13,-0.22,-1.8137,30636.39,36091.774
300743.SZ,2024/07/19,11.95,12.4,11.83,12.25,11.91,0.34,2.8547,22667.44,27684.727
300743.SZ,2024/07/22,12.24,12.66,12.18,12.62,12.25,0.37,3.0204,29986.81,37462.333
300743.SZ,2024/07/23,12.6,12.65,12.17,12.17,12.62,-0.45,-3.5658,22331.25,27684.782
300743.SZ,2024/07/24,12.13,12.2,11.89,11.96,12.17,-0.21,-1.7256,24394.1,29395.345
300743.SZ,2024/07/25,11.96,12.18,11.68,12.07,11.96,0.11,0.9197,22555.1,26923.063
300743.SZ,2024/07/26,11.97,12.06,11.73,12.02,12.07,-0.05,-0.4143,25237.17,30069.089
300743.SZ,2024/07/29,12.05,12.33,11.99,12.2,12.02,0.18,1.4975,22558.52,27417.854
300743.SZ,2024/07/30,12.2,12.29,11.98,12.11,12.2,-0.09,-0.7377,19883.13,24114.734
300743.SZ,2024/07/31,12.13,12.69,12.11,12.66,12.11,0.55,4.5417,24919.64,31087.296
300743.SZ,2024/08/01,12.65,12.78,12.57,12.66,12.66,0.0,0.0,21506.2,27256.163
300743.SZ,2024/08/02,12.54,12.6,12.22,12.22,12.66,-0.44,-3.4755,18599.0,23069.332
300743.SZ,2024/08/05,12.17,12.3,11.56,11.56,12.22,-0.66,-5.401,29473.09,34932.146
300743.SZ,2024/08/06,11.74,11.95,11.66,11.83,11.56,0.27,2.3356,21039.83,24836.575
300743.SZ,2024/08/07,11.84,12.1,11.82,11.9,11.83,0.07,0.5917,18671.39,22366.496
300743.SZ,2024/08/08,11.81,11.82,11.53,11.76,11.9,-0.14,-1.1765,16072.63,18776.814
300743.SZ,2024/08/09,12.01,12.01,11.63,11.63,11.76,-0.13,-1.1054,16221.05,19124.998
300743.SZ,2024/08/12,11.55,11.76,11.46,11.65,11.63,0.02,0.172,18397.02,21404.498
300743.SZ,2024/08/13,11.61,11.77,11.56,11.74,11.65,0.09,0.7725,14056.0,16400.506
300743.SZ,2024/08/14,11.8,11.83,11.69,11.74,11.74,0.0,0.0,11412.34,13434.606
300743.SZ,2024/08/15,11.72,12.0,11.6,11.91,11.74,0.17,1.448,18220.81,21594.355
300743.SZ,2024/08/16,11.83,12.15,11.83,12.01,11.91,0.1,0.8396,16508.0,19888.23
300743.SZ,2024/08/19,12.24,12.24,11.64,11.85,12.01,-0.16,-1.3322,17901.39,21236.073
300743.SZ,2024/08/20,11.9,11.96,11.68,11.72,11.85,-0.13,-1.097,14139.55,16713.378
300743.SZ,2024/08/21,11.6,11.82,11.6,11.75,11.72,0.03,0.256,9681.41,11352.378
300743.SZ,2024/08/22,11.83,11.83,11.53,11.53,11.75,-0.22,-1.8723,11803.0,13755.294
300743.SZ,2024/08/23,11.6,11.6,11.27,11.47,11.53,-0.06,-0.5204,15538.0,17799.163
300743.SZ,2024/08/26,11.38,11.83,11.38,11.77,11.47,0.3,2.6155,20005.99,23352.655
300743.SZ,2024/08/27,11.94,12.05,11.35,11.41,11.77,-0.36,-3.0586,29159.15,33698.241
300743.SZ,2024/08/28,11.36,11.82,11.27,11.63,11.41,0.22,1.9281,20251.1,23535.673
300743.SZ,2024/08/29,11.77,11.98,11.54,11.9,11.63,0.27,2.3216,20369.3,24016.999
300743.SZ,2024/08/30,11.91,12.16,11.86,12.02,11.9,0.12,1.0084,22291.0,26872.373
300743.SZ,2024/09/02,12.03,12.2,11.93,12.02,12.02,0.0,0.0,33667.06,40765.889
300743.SZ,2024/09/03,12.04,12.24,11.94,12.13,12.02,0.11,0.9151,22490.75,27286.392
300743.SZ,2024/09/04,12.15,12.17,11.99,12.01,12.13,-0.12,-0.9893,16186.0,19544.72
300743.SZ,2024/09/05,12.02,12.3,12.01,12.2,12.01,0.19,1.582,19998.64,24389.448
300743.SZ,2024/09/06,12.2,12.24,11.77,11.8,12.2,-0.4,-3.2787,24354.5,29178.417
300743.SZ,2024/09/09,11.66,11.9,11.54,11.76,11.8,-0.04,-0.339,18426.93,21637.082
300743.SZ,2024/09/10,11.74,11.95,11.57,11.91,11.76,0.15,1.2755,17751.0,20823.313
300743.SZ,2024/09/11,11.84,11.94,11.77,11.82,11.91,-0.09,-0.7557,11135.59,13218.808
300743.SZ,2024/09/12,11.89,12.03,11.7,11.76,11.82,-0.06,-0.5076,13906.64,16511.635
300743.SZ,2024/09/13,11.74,11.85,11.43,11.44,11.76,-0.32,-2.7211,12828.49,14885.05
300743.SZ,2024/09/18,11.44,11.46,11.05,11.27,11.44,-0.17,-1.486,23032.0,25843.294
300743.SZ,2024/09/19,11.35,11.61,11.35,11.58,11.27,0.31,2.7507,15181.04,17483.483
300743.SZ,2024/09/20,11.59,11.72,11.47,11.53,11.58,-0.05,-0.4318,11640.3,13471.582
300743.SZ,2024/09/23,11.52,11.67,11.42,11.55,11.53,0.02,0.1735,10025.04,11594.045
300743.SZ,2024/09/24,11.56,12.08,11.51,11.99,11.55,0.44,3.8095,21001.9,24716.91
300743.SZ,2024/09/25,12.15,12.31,11.96,11.97,11.99,-0.02,-0.1668,23915.0,29022.955
300743.SZ,2024/09/26,11.97,12.2,11.92,12.19,11.97,0.22,1.8379,18488.63,22303.786
300743.SZ,2024/09/27,12.3,12.93,12.28,12.8,12.19,0.61,5.0041,40282.65,50901.999
